72 -3522.960 313.498 -5357.456 -9701.160
-1977.582 -5164.846
-6100.631 -4829.374
-1372.301 -5719.484
-2208.765 -4869.736
-5946.250 -5882.729
-2084.589 -4768.006
-8710.548 -9697.096
-5771.131 -2611.530
-8020.477 -3117.449
-8443.273 -5746.089
-4887.697 -4910.302
-1441.272 -9412.298
-760.869 -7137.479
-9786.653 -7307.461
-3036.883 -8489.267
-870.313 -4302.345
-1142.031 -5446.770
-6008.418 -5860.431
-3932.242 -9284.065
-8934.441 -1080.625
-7024.137 -3984.608
-3179.533 -8238.860
-6560.770 -2354.718
-2809.471 -6469.396
-783.517 -5907.160
-6433.694 -5028.561
-3299.113 -5052.664
-8725.782 -5263.519
26.256 -3077.950
-1438.525 -5110.448
-4434.140 -3296.281
-5158.421 -7127.625
-834.619 -5199.295
-9110.292 -6534.814
-4383.159 -6600.982
-9890.500 -1902.367
-6704.200 -7105.634
-2412.563 -8863.126
-8200.534 -9615.216
-3662.836 -7569.288
-8770.068 -2659.738
-5585.553 -9975.626
-2438.869 -6111.624
-8932.630 -7271.001
-2911.388 -8280.563
158.894 -4875.095
-3365.961 -5688.504
-9841.865 -4129.519
-9839.182 -6172.660
-1711.687 -3735.203
-1324.687 -5519.162
-9246.402 -6754.834
-5913.300 -7934.644
-6452.036 -6453.590
-5044.646 -4136.027
-900.550 -7808.221
-9711.331 -951.502
-4259.944 -7855.535
-2221.374 -4447.591
-6122.080 -3759.611
-5499.912 -8609.838
-5122.104 -9729.978
906.968 -7904.050
-8118.321 -3343.128
-6887.494 -4757.223
-7117.869 -3667.838
-2308.447 -4294.861
-4311.929 -7623.067
-1267.648 -6412.169
-4811.921 -3791.275
-74.710 -3163.788
720.058 -5714.687
