1000 -3522.960 313.498 -5357.456 -9701.160
-1977.582 -5164.846
-6100.631 -4829.374
-2110.456 609.052
-8551.071 710.748
-1372.301 -5719.484
-5294.388 412.221
-2208.765 -4869.736
-5946.250 -5882.729
-2084.589 -4768.006
-8710.548 -9697.096
-5771.131 -2611.530
-8020.477 -3117.449
-8443.273 -5746.089
-4887.697 -4910.302
-1441.272 -9412.298
-5550.992 -1790.910
-760.869 -7137.479
-9786.653 -7307.461
-5880.785 -1862.159
-3036.883 -8489.267
-870.313 -4302.345
-1142.031 -5446.770
-6008.418 -5860.431
-3932.242 -9284.065
-8934.441 -1080.625
-5856.613 -2122.615
-7024.137 -3984.608
-5394.152 -64.619
-3179.533 -8238.860
-6560.770 -2354.718
-6144.346 -2028.646
-2809.471 -6469.396
-783.517 -5907.160
-6433.694 -5028.561
-3299.113 -5052.664
-7949.402 -894.334
-8725.782 -5263.519
26.256 -3077.950
-1438.525 -5110.448
-4434.140 -3296.281
-5158.421 -7127.625
-2099.306 -1667.273
-834.619 -5199.295
-9110.292 -6534.814
-4383.159 -6600.982
-9890.500 -1902.367
-6704.200 -7105.634
-2412.563 -8863.126
-8200.534 -9615.216
-3662.836 -7569.288
-8852.576 634.550
-8770.068 -2659.738
-404.107 475.727
-5585.553 -9975.626
-2438.869 -6111.624
-8932.630 -7271.001
-2911.388 -8280.563
158.894 -4875.095
-3365.961 -5688.504
-9841.865 -4129.519
-9839.182 -6172.660
-1711.687 -3735.203
-1324.687 -5519.162
-9246.402 -6754.834
-5913.300 -7934.644
-6452.036 -6453.590
22.728 -1848.438
-5044.646 -4136.027
-900.550 -7808.221
-3384.110 -732.425
-9711.331 -951.502
-3665.091 -2662.062
-4259.944 -7855.535
-2221.374 -4447.591
-6122.080 -3759.611
-2688.580 138.041
-5499.912 -8609.838
-5122.104 -9729.978
-1535.297 -271.856
906.968 -7904.050
888.247 -1849.541
-1592.859 560.918
-8118.321 -3343.128
-6887.494 -4757.223
-7117.869 -3667.838
-2308.447 -4294.861
-4311.929 -7623.067
-5734.456 -1024.244
-1267.648 -6412.169
-4811.921 -3791.275
-2933.960 304.815
-74.710 -3163.788
720.058 -5714.687
-4430.339 -1383.887
-7387.359 -5391.182
-2132.694 -7416.604
-9791.450 -4329.592
-6270.320 -4179.393
-6129.654 -6882.025
-1066.635 -5343.169
-7926.952 -8407.230
-8706.570 781.338
-7485.575 -3016.036
804.935 -9065.557
-8796.301 -343.740
-7920.959 -5575.498
-1566.872 -599.022
-8870.504 -2709.644
-4199.013 -7800.824
-6815.199 -9438.236
-8037.222 -2089.603
-1582.025 -2294.688
-4016.177 -1524.066
-8148.917 -7269.878
-6842.081 -1251.222
-6268.122 -5599.379
339.130 -171.382
-2603.949 -5484.613
-8823.067 -9901.883
-3634.486 -1149.053
-4583.234 -7805.877
-3455.398 -3753.691
-6251.202 -6999.078
-5175.693 -6797.170
-7582.514 -9210.245
-961.468 -7768.096
-1460.168 379.367
-4026.159 -5890.323
-3554.125 -9503.425
-3063.636 -3844.421
-5046.446 -9489.218
-9592.750 -6085.892
-9803.088 -3698.697
-6861.942 -3788.468
-570.958 -5544.723
-8526.871 -5581.702
-3779.862 -9949.511
-5187.701 -8125.381
855.237 -3364.200
-2420.428 -2771.624
-3598.073 -9440.985
-5889.959 -9941.823
-5961.094 -4153.163
-1652.360 -2087.057
-7943.942 -3503.744
-6984.255 -6098.703
896.628 -9401.085
432.478 -1870.998
-214.788 -1069.534
-3401.170 -7981.452
-2400.426 -9362.697
-2939.306 -6348.586
-9693.818 -4849.972
-6518.795 -3392.388
-7714.657 -2057.762
-3766.738 -2553.726
-1384.465 -8050.894
451.575 -9150.408
-9850.179 -9158.988
509.359 -6452.662
-3683.875 -6901.506
-2581.288 -1570.268
-2111.726 -417.198
-7831.755 -5996.486
-6355.556 -7011.191
-8819.790 -7390.029
-9995.969 655.348
-7738.365 -2949.783
-3025.741 644.832
-8307.607 -97.394
-9287.981 -7342.497
-5724.627 -1136.040
-7538.878 -8086.713
-1276.840 -6829.930
-1251.503 -5047.416
-8297.970 -2838.202
-8879.358 896.612
-9777.734 -3640.039
-8030.778 -3232.731
-2762.403 -3458.052
-8705.164 279.301
-7950.731 -1745.653
-7663.806 -7298.633
-8304.975 -2750.832
-52.998 -4127.243
-1574.923 -3868.316
-8942.955 859.812
1.280 -7147.642
-7105.875 897.088
-4974.054 686.987
-5894.237 -5504.738
-3.121 -5841.148
-570.046 -8796.965
-9196.748 -9944.023
-4498.970 -8514.920
-8624.630 -1674.724
433.408 -5215.399
-7678.019 -9645.399
-371.101 -9182.263
-7910.727 -4254.099
-6551.289 -360.711
-884.405 -9441.039
-2867.901 -282.505
-4564.054 -1805.318
-8332.814 -2241.772
-970.330 -7677.121
9.343 -7299.577
104.216 -795.593
-6209.799 -3050.882
-1041.887 -9580.847
-6396.994 -9331.738
-3355.870 -9676.264
-4534.091 212.824
-7584.672 -9852.166
-9349.925 768.025
-1987.285 -6519.414
-9220.301 -8781.208
-7495.534 -6168.396
-9299.456 -8923.863
-6466.325 -2753.140
-4516.039 -5125.495
-2513.744 -9971.999
-6658.392 -4802.424
-7265.583 -2148.410
-786.570 968.267
-5204.311 -7190.993
338.602 -2942.366
-4951.298 -7393.216
-438.601 -9726.997
-9516.005 -5304.659
-6393.641 -596.568
-1519.726 -2125.908
-6039.935 -4380.787
-1208.297 -2256.449
-7442.108 -7144.909
-7882.466 -8472.671
-6601.359 -7507.608
-4191.189 -8346.790
-7179.079 -5955.352
226.054 -6976.037
-3378.024 -3655.434
-4060.998 -7309.466
-6430.035 -7186.054
-6649.928 -7000.839
-6763.638 -1154.699
-1385.201 -7868.387
-3379.764 -995.228
-7472.798 -9062.631
-4051.841 -6434.700
-3711.694 -7652.552
-5977.037 -2601.613
-7202.327 40.166
-828.295 -7093.706
-9632.225 -8335.458
-7105.326 -3901.188
-803.976 -5606.166
-116.533 -4335.326
-3061.955 318.697
-8167.896 -7874.217
-8182.471 -832.617
391.520 -1510.534
-4217.951 -5067.637
-4922.938 -7086.979
-7822.472 -5820.972
-1653.505 -2820.906
-5800.042 -7917.917
-6343.339 -5834.114
-6385.395 -7228.521
-5466.566 -2086.385
-6612.202 242.530
1.586 -556.207
-1015.321 -2663.035
-2409.157 -9706.413
-7877.674 -8683.099
-8277.991 -8744.355
-6615.069 -8381.559
-96.672 -8252.765
-8236.254 -5620.926
-727.172 -6003.199
-5990.012 -423.029
-9894.343 -7585.566
-4131.278 -3538.505
-7789.952 558.302
-5085.310 131.256
-9086.515 -389.347
-1984.663 -2850.757
-1610.669 -8329.349
-1754.748 -333.855
-6043.585 -4348.849
-8759.500 -1251.515
408.689 -341.476
78.998 -971.632
-2265.799 -2005.670
-5666.897 -9174.808
-9049.398 -127.779
-5941.364 -2087.146
-2822.698 -929.927
-5490.038 -8536.232
-5541.921 -3194.501
-4853.626 -9622.501
-4654.882 -672.677
-4691.032 -162.008
-5107.501 -8755.911
503.226 357.614
-9889.098 451.301
-8617.130 495.620
-5717.791 -4036.981
649.510 -1660.132
-1988.270 -2929.893
-8211.151 -6488.980
-1077.485 -9332.982
970.055 -2309.747
-524.330 -6154.878
-9618.346 -9712.748
-8175.729 -859.001
-6343.339 -6085.891
-2372.529 -7612.481
-4503.372 -8628.988
93.906 -7775.986
-716.582 -9494.750
-5804.767 -1441.817
-4065.251 -6814.771
-1596.388 -5464.708
-9940.485 -2632.444
-3345.352 -9097.365
-239.379 -8700.723
-5464.178 -5582.931
-2586.703 -5143.149
-103.118 -3267.766
-9477.230 -9571.144
-5571.086 -4117.768
-3762.091 -9034.128
-495.147 -7046.559
-6893.274 207.880
-6297.968 -6743.721
-254.217 -5332.306
-6553.622 -5567.631
-2696.047 -3877.122
-5184.076 -1888.879
-8625.636 -3892.401
-3214.377 -8835.551
-8726.432 -9579.189
-4309.357 -2031.177
734.233 -4718.280
-6358.548 -3973.952
-4902.548 -8902.814
-65.346 -5900.912
-1534.443 200.585
-5931.084 -7207.369
-9389.346 -440.769
590.502 -7261.865
-4845.373 -5666.478
-1119.747 263.355
-1852.595 -8494.388
-1451.102 -6300.500
-135.123 -2853.031
-649.527 -1869.780
-953.698 -887.430
-4247.259 -6406.702
-9072.695 572.320
-9041.976 -197.731
-9970.864 -3565.197
-6237.908 -193.476
891.248 -2117.447
-2049.257 -182.213
-6572.488 -8521.409
860.832 -5609.239
-7838.366 -3781.225
-9894.839 899.145
-5424.746 -618.785
-3611.850 -6488.941
-8892.757 918.028
-9975.834 -9663.154
-9578.516 -5447.368
-3871.076 -231.602
-6978.163 -1066.980
-8876.420 -6654.934
-9274.455 -7107.400
-1541.836 -5245.500
-8694.149 -7240.245
-1559.271 -4459.574
-7978.556 -6524.737
-1505.567 -715.669
-1053.136 -1929.269
-1700.432 -9291.634
-4679.284 973.865
-5028.305 -4449.848
-3392.390 -3363.182
-7586.855 -6238.530
-1886.466 660.303
-2343.431 -8684.654
-9658.157 -5590.614
-8764.991 587.259
-497.724 -6477.779
-495.495 -6893.850
-3464.774 -6161.731
-8570.592 -3603.064
-1913.770 -4673.870
-731.516 -7480.152
-406.241 -1825.478
-1967.790 -3246.494
-6627.929 -6444.518
-5865.633 895.295
-8393.116 -8953.570
-1905.882 -6328.591
-7242.355 -5236.530
-4370.339 -5554.516
-1242.372 -1750.888
-1583.563 -5629.869
907.289 -450.886
-1864.200 -2068.652
968.618 -7717.902
-8431.822 -4868.036
-1032.607 -6417.639
-3108.670 -5209.292
-8199.942 -1565.965
-4712.256 -7215.056
-3417.613 -1422.985
-8549.292 -9101.885
-2948.237 -5129.344
-8274.655 -1314.453
-4840.741 -4833.925
-3924.480 -2745.517
-1081.762 -3681.121
-86.100 -2501.802
-9712.631 -5794.064
-6555.462 -8467.689
-6927.412 -5217.641
-2747.362 -2203.439
300.091 608.863
-9893.043 -3592.863
-5325.334 -8381.758
-3969.647 -6307.337
-2028.781 583.620
-1969.670 -8432.602
-2912.726 -863.653
-2612.849 -728.982
-9462.738 -268.191
-2577.540 880.003
-5050.737 -9639.922
-1810.528 101.028
-5272.868 -1556.350
-7006.604 -9680.813
695.815 342.222
-5787.205 -2168.814
-4581.148 -9737.960
-5260.151 -203.930
-3205.115 -7490.473
-1087.718 -564.456
-4885.193 -8418.330
-1959.110 -4597.001
742.713 -4911.660
-6132.924 -3158.779
-5766.304 241.431
942.859 -1548.619
-8569.043 -8856.082
-393.844 -3548.431
-7071.962 -4739.017
-6270.359 -7802.530
468.968 -6952.372
-5193.842 -569.186
-1992.683 -3826.541
-457.157 -5644.493
-601.732 -5969.459
-143.137 -1892.319
-8016.372 -7503.846
-4757.714 -9925.892
-6340.664 -2279.941
-6432.338 -3246.279
-1856.176 -3906.491
-2584.800 978.767
-1878.223 918.623
-4451.066 -1717.583
-1075.159 -7070.002
-581.662 612.116
-9944.757 -6130.045
-4196.628 -6071.787
-1105.403 -5098.956
-6427.286 -3048.162
-5679.038 -1995.834
-3422.002 -107.106
-9127.544 582.616
405.963 -1219.071
-4508.775 -2259.531
-2580.969 -4525.112
-3231.196 -2300.331
-1051.183 -763.829
-7482.175 -7494.693
-5880.990 592.833
-5190.474 -8863.328
-7065.086 -547.865
-9618.033 -6522.053
-5650.942 -7486.523
-109.020 -5496.117
-9817.000 -3961.727
-4953.343 91.275
452.936 -9043.577
-7276.773 -3379.746
-7746.463 -9438.140
-4659.199 -2276.000
-6012.105 -1648.900
-7542.998 -6964.725
-1517.031 -9581.003
-4256.471 -2484.378
-7130.151 -4705.808
-5904.495 337.683
-247.462 -5459.221
-7565.707 438.861
-476.833 -9429.873
-2714.325 -7476.643
-2724.679 -890.689
-8771.952 -9444.974
-2356.079 694.058
-1581.546 -7822.797
-3758.743 -5554.826
-8399.235 -2247.885
-3829.997 -3622.240
-881.003 -2716.683
-8900.967 -6500.752
-3020.555 -9201.162
-3047.620 -9664.029
-2447.656 -4752.491
-2871.663 -5816.978
-5994.309 -3566.089
-5043.419 -865.929
-992.842 -5603.153
-8429.179 -3197.150
-4880.771 -6007.777
-6112.140 -5431.725
-7075.230 -9348.198
-5002.226 -6520.568
-418.901 -2011.692
-5554.008 475.077
-5709.892 -1449.291
-3353.733 -2773.390
-8315.629 -5962.277
-4814.978 -1475.965
-7800.809 -3478.484
-9190.067 -5984.754
-500.178 -736.451
-754.833 -1829.391
-7130.545 -9783.607
-1050.649 -8998.879
-1769.562 -8261.865
163.666 -5625.056
-8035.116 -2845.927
-9890.872 -8565.327
407.247 -6954.059
-6331.088 -251.437
-8038.252 -6284.559
-9521.767 -8395.509
-6534.336 -4011.878
-6742.025 -7940.860
-6977.712 -1752.347
295.230 -2366.316
-2683.719 -1534.929
-9034.511 267.447
-5493.841 -6259.449
-8931.521 -5091.490
580.878 -4254.830
-3842.024 -1354.189
-7205.784 -5421.977
-7568.958 -4371.695
-1984.744 -5223.544
-9906.696 -5673.384
-302.178 -2229.718
-5188.265 -1377.668
-6758.269 -6587.667
-3520.222 -2459.416
-7361.323 -5227.028
528.391 -668.215
-6564.282 -3615.085
-6893.961 -8287.850
-5338.606 -3694.915
-2414.067 -6676.873
-3088.818 -1926.374
-9277.458 -8447.406
-2310.138 -2651.500
-5645.143 -424.220
-3195.224 -7918.353
-1928.270 -2285.997
605.757 -932.630
-68.007 1.861
-7265.644 -7497.435
-623.014 246.131
-6993.711 -9160.710
484.769 -9640.295
-381.309 -9551.112
-4525.407 -7369.963
-2759.777 -4923.599
-6373.379 970.492
-9887.289 -3373.096
-7724.694 -2318.705
-6686.472 -7529.424
-9499.131 -3114.828
-8040.814 -2203.527
-7886.774 -2872.702
732.283 -780.965
-4874.052 -7715.965
935.736 -8179.433
-6797.592 -7000.494
-925.437 -385.951
-1037.697 -9833.002
-5734.227 -9837.158
-8176.568 -3942.458
-3843.057 -2846.098
-2443.481 -6565.765
496.104 -342.934
-763.173 420.194
-5319.934 -5275.543
-4555.263 308.570
-6317.940 -2909.224
-4059.777 -4880.814
50.716 -4876.766
-3141.613 -7472.567
-3429.330 -7729.819
-6048.474 -2196.466
-5653.868 -6098.862
-2263.943 -9597.266
-6316.247 -7838.480
-2219.096 -7616.839
-3952.870 -4873.042
-941.216 -9249.680
-2305.391 -6976.254
338.846 714.501
85.587 -3739.983
-4736.818 -5768.787
-4148.453 -5547.212
-6124.085 -6463.201
551.381 -3244.589
-9465.276 -9625.387
-1580.398 -2726.532
-1586.085 -2353.889
-3886.868 -6573.541
-3022.056 -1010.259
-2679.580 -1506.653
-3111.098 -1765.714
-6239.296 -7661.526
-2877.774 390.625
-4116.231 -7341.958
-2681.557 -8506.646
-1689.718 -1811.212
-6801.356 -1685.615
-8869.586 -6168.995
-9963.587 36.047
-5956.706 -7114.067
-933.673 -5315.408
-8620.568 -4289.577
-8003.406 -6988.590
-9474.483 -6860.685
-9578.616 -4529.777
280.202 -4799.418
241.866 -2563.299
218.823 35.181
-1522.293 -1418.837
-4965.483 -4114.714
-8830.508 -1233.975
-5706.886 -1168.915
-7338.303 -2970.727
-3238.583 -8388.164
-2923.392 -5278.727
-1997.898 -9608.286
-7006.404 -6810.503
-4173.410 -6353.230
-2923.430 -6198.167
-1107.514 711.673
-3103.494 -3473.799
-940.805 -9881.504
-8605.483 463.356
898.019 -5069.215
-7970.841 -5587.557
-5067.917 -9558.637
-4749.866 -9658.389
-2185.775 -1191.260
-4359.204 -6805.821
-4706.522 -2179.694
-7290.543 -7551.119
-5721.521 -2215.536
-9044.058 -1792.951
251.123 -5056.151
-6705.013 -6716.303
-7842.984 -7368.785
-8985.283 -293.403
-5243.582 -2251.821
-1911.871 -4877.447
-1764.953 914.449
-1367.289 -1736.097
-1081.312 -9183.507
-3131.340 -1362.283
-6858.153 612.032
374.126 409.478
-8325.996 -466.927
-7596.082 -9799.545
-7715.130 -8073.788
-5109.231 -5408.710
-6551.007 121.004
-8163.133 -9442.640
-8986.372 50.458
681.035 -27.780
-120.379 -6600.231
-7933.575 -3185.815
-5470.205 -9079.284
-1789.399 -7149.066
-2975.539 -9516.800
-5796.895 114.151
-7953.410 -1452.467
-2529.889 -5559.713
-149.740 -130.956
-4769.755 -19.342
-9101.660 -2791.174
-5419.468 -2935.614
528.787 -6813.329
-5276.868 -3623.545
454.277 -1418.141
-5868.983 -5305.202
-5911.926 -9195.075
-8414.559 -1803.171
-8328.496 -1411.914
-6756.539 -9412.213
-7469.119 883.923
-1472.894 -3881.232
-4527.432 -7644.278
-4555.509 317.601
-9845.983 -9538.168
-3960.869 -7825.311
-4724.966 -4234.485
-3076.373 -8909.441
-9177.435 308.349
-2269.807 -3203.644
-2418.742 -1845.678
-1823.597 -6113.648
-3159.827 -1390.384
-2576.589 845.888
-3087.126 -606.257
-6822.846 -570.625
-7981.752 -7020.248
-5516.371 125.325
-7681.040 -2792.282
-9869.001 -6545.070
-8659.185 -3699.916
-8931.708 784.873
-7905.556 -9161.419
-763.469 -9969.860
-258.210 -6527.167
-9539.994 -361.195
-11.076 -8329.074
-8440.607 -8945.438
-6214.871 -8169.750
-2309.793 -7584.566
-8333.964 -5662.445
-9928.300 -3977.809
-4346.664 -1424.979
-2131.732 -586.899
-8990.052 -6015.139
-8427.304 -6777.969
-3494.486 -1674.203
-5135.549 -7030.912
-3381.443 -8404.000
-3764.898 -8399.395
-4249.568 -5478.056
-428.572 -3738.266
-5438.545 -9651.167
-3354.589 -5504.918
-5885.434 -7414.902
-2950.864 -4529.786
-1433.603 -7844.538
-4519.578 -2342.133
-6446.890 -885.654
-5144.516 -9224.333
-6887.902 -7542.633
-6314.480 -202.319
-298.049 -7467.620
-1879.896 755.285
-2115.806 640.694
-2676.857 -698.897
-4133.809 -5466.125
-2255.897 -9357.806
-7986.511 -1182.751
-7824.476 -8183.113
515.531 -2516.583
-2915.780 -9447.263
-3225.770 -5091.835
-6306.377 -7514.642
-8676.321 -4805.344
-3763.816 -6509.099
-5118.605 -7885.529
-1044.369 -3978.513
-7287.046 -2817.961
-8796.234 -3497.773
-6251.587 -4533.135
-4728.308 -8342.070
-2797.355 -8471.657
-3688.838 104.667
-9055.774 -5750.662
-3941.645 -4050.574
-3301.223 382.452
-1104.716 -5766.582
-6902.172 -4371.167
-7638.309 -1809.565
-4585.579 -8665.533
-5934.785 -9619.063
-8256.211 -2066.984
-8520.919 114.081
-3534.405 -4622.110
-921.160 -5199.721
-6562.352 -8972.532
-1753.150 -7720.538
-6057.143 -4906.529
-1396.897 -2211.256
-2663.535 -7790.138
-2683.768 -8623.445
-1992.334 -9079.226
-6301.946 -9873.078
-9083.147 -386.234
-5114.971 -3726.066
-8636.679 -5725.623
-1958.265 -8831.068
-7838.419 -4491.594
-2672.570 94.277
-5681.517 -4496.452
-1395.741 -6095.109
-4202.360 -8841.423
-1238.683 -5326.248
-5538.448 -6525.814
-9575.442 -7021.927
-7349.996 -7705.102
-2182.734 -3352.469
-6696.764 656.573
-8649.268 431.759
-2727.790 -2259.015
-4010.015 -6947.992
-9165.297 -9763.777
-7340.191 -4619.232
-4556.027 -4894.469
-7316.872 -5770.380
-1614.000 -6624.682
-9859.924 -6352.728
-6542.157 -5295.150
184.338 -5154.322
-5657.773 -7453.138
-3386.911 -324.039
-5206.542 -139.865
-6444.517 -8315.499
-2736.709 -2080.694
-6423.697 -6786.986
-8213.257 -6330.603
-8847.945 -954.955
-2016.924 -4351.285
-476.708 -5108.551
-8657.223 -1753.742
-150.925 -7061.997
-4690.155 -1560.564
-349.692 -8169.743
-657.628 -1264.815
670.605 121.061
-8913.656 -7012.901
-6211.778 -8246.723
-3796.824 -9853.354
-5888.642 -4825.623
-9169.507 -9530.546
-2077.253 -5288.083
-3622.297 -4018.147
-4691.587 -6226.188
-9039.769 -1909.923
-612.639 -87.255
-3548.065 -4247.620
-1756.731 -2153.342
-7981.919 -4876.693
720.156 -4093.899
-8199.576 -1487.126
-2034.690 -243.758
-443.847 -1247.423
-2683.018 -5864.882
-2430.860 -5542.845
-7465.314 -8827.012
-7358.656 -2127.494
-5076.017 -4711.371
-9944.097 -4566.572
-3382.352 445.527
-3732.959 -8783.314
-8416.344 -9644.312
-861.582 -3618.951
-8052.985 -2536.523
403.457 -8982.527
901.391 -7562.978
-2793.395 -2520.692
-2462.405 -8200.999
-5436.893 -7647.170
-4098.097 -7203.718
-5602.297 -7613.602
-7887.589 -1690.178
-2889.648 -3404.253
-6043.952 -7013.249
-2512.234 -358.732
-6042.693 -5508.807
-2341.304 -5940.340
-5259.450 -9554.449
-2415.887 -8637.407
-1299.301 -1666.064
-6271.381 -6070.032
-1947.629 -4574.572
-8044.045 -1256.612
-869.652 -629.515
-4666.038 -5970.513
-9675.499 -5300.050
-6076.455 -1982.417
-510.429 -7690.606
-7854.968 -8448.596
-6250.355 -489.160
-9323.752 -7082.004
-9585.357 -8951.369
-4895.940 -9855.063
18.210 376.512
-1285.919 -5868.337
-9327.130 -1803.281
-804.803 -9924.441
-7612.650 -7087.632
-4854.347 -1214.213
-5196.150 -5146.508
-1960.203 916.703
-9653.875 -3447.093
65.289 -1552.509
-9919.670 296.335
-350.762 -7009.814
-529.152 -4122.057
-8913.547 -8789.863
-8282.331 -8803.724
-4792.887 -4235.971
-6578.658 -583.984
-1280.516 -5219.433
-970.590 -6682.397
-3742.133 -6328.564
-6259.104 -5516.958
-4158.960 -3766.766
-3942.772 -7187.448
-142.935 -6660.768
-7052.950 -9476.485
-3470.264 -5167.998
-3513.146 -27.680
-5366.551 -7215.776
-5386.731 -6561.305
-8143.387 -1562.596
-190.302 -4504.196
-7218.473 -9230.331
-1228.681 -9435.864
-3152.690 -6351.847
-1550.840 -7307.472
-6226.426 -9039.263
-6567.915 -6460.394
-1509.856 -696.598
-3423.758 -1450.503
-4437.607 -1797.365
-6935.180 -7014.455
-7539.782 -9690.696
-4342.956 -755.653
-5443.590 -8916.367
-7959.134 -4668.701
-1303.588 0.643
-7097.249 -1234.161
-8972.087 -5505.634
-9629.190 -5419.529
-8540.917 -3788.241
-6290.729 -7503.304
-3335.785 -9499.338
-4030.816 -2428.200
-7905.451 -8804.006
-1883.601 -5498.587
-1655.099 -5006.333
-5929.267 -9362.372
-9336.240 -165.218
-9724.770 -1273.091
-3827.587 -3233.787
-6702.740 -5530.447
-9091.333 -4631.982
-7375.850 -7791.266
-2565.934 -7626.685
-6345.475 -678.105
-7438.410 -5811.507
-5342.585 -8404.183
-893.193 -3136.914
-5587.105 -7075.610
-4494.903 -7375.147
-1983.053 -2586.061
-8238.391 -5912.731
111.705 -7593.153
-2996.888 -7994.186
-1614.502 -6762.096
-6465.928 -4209.414
-7864.278 -935.376
-4918.215 -7729.762
-2305.272 -7646.512
171.206 -2283.110
-9419.558 -4168.331
-5784.727 -1427.893
-4494.852 -580.326
-1888.646 -7170.175
-5173.459 -3965.028
-1183.164 -5941.833
-8091.610 -2354.917
845.767 -5796.310
