3 1000
BUBBLESORT MERGESORT QUICKSORT
18394
13823
11102
6665
30499
25649
20710
27741
15778
17799
18097
5334
8428
5839
11686
27341
11458
16213
28722
3597
9367
19544
8170
24037
28237
16571
22130
26236
6720
3325
7581
14437
11397
17259
8917
24179
2932
23700
14782
26063
14179
8190
29206
11335
12213
1303
17632
26857
10516
8302
7361
8913
30970
28963
15786
2623
23158
8861
20407
26605
28717
5754
4439
5791
10143
19148
29870
15099
25003
28802
11319
11675
1109
17956
27310
19297
22984
2756
23085
8202
24727
7473
3733
7942
29000
7021
30511
24199
23827
5729
5011
2265
27111
11728
28617
30705
20398
10378
11183
12104
6866
23778
4506
10218
6144
32097
64
8905
11564
7612
11222
30040
17365
1028
31349
1109
10378
6685
32706
24806
941
4977
23502
15336
20343
6885
315
9092
28476
7437
9889
16131
19440
667
26415
31971
6635
28446
22166
26410
11241
22505
3106
4602
30549
1872
26922
22630
11719
24603
7851
23428
4043
30004
13872
30659
23780
18851
8693
9343
1232
19644
6219
29139
32270
26263
15934
6319
26014
10433
25974
20778
19464
30513
24923
25369
21407
15742
14205
9440
1031
1103
12082
23688
30453
31506
1153
14098
16950
18929
16958
18955
17139
16385
1911
21345
11827
12733
15375
11125
2721
7092
30889
7537
30608
23934
9671
6620
25916
8436
5683
30572
8786
16801
8351
13851
25267
18547
31880
30844
9077
20406
26208
10064
4139
25411
20203
29525
19815
12533
6634
10590
19581
7517
12279
3240
3209
4279
26544
11116
27827
4124
2583
25009
29617
30457
30265
32356
12430
25791
10254
16042
6314
13020
9889
4981
1795
1771
7536
25942
16562
21799
9494
19090
8889
26406
32551
25463
23803
15044
18780
20720
24204
19805
27632
31064
22315
10047
18249
3980
29197
15198
25819
4164
11741
28490
12106
10659
30208
24415
30158
16652
24861
13115
16092
2872
14557
5750
11779
27269
12015
10637
276
1937
25424
32542
26757
22536
8137
31067
16151
1978
27833
7097
25783
30705
25364
9448
16546
18689
24492
1288
11981
8736
31663
1050
23684
11128
28273
11444
22609
28283
15468
20217
22815
4215
22406
12233
159
7018
5266
14389
7403
18711
6680
14646
11626
1113
11353
6046
12019
5304
31374
29774
29493
10298
20849
9386
1878
12155
22270
3914
28122
16384
13179
16626
12231
28873
19382
19909
2310
25893
28814
21173
13325
31179
10164
11070
6331
18469
29107
12116
25219
29679
12590
3482
16845
30465
5993
5588
23705
24425
14860
1951
12902
13245
13859
14688
30546
29104
1128
11130
10882
23266
25285
23492
27588
1021
30485
27962
21619
23037
3883
30706
22428
4559
8725
5458
27998
13854
30369
31873
3479
18282
4897
17179
15805
8794
23148
5673
13833
8275
31269
32592
25051
9801
3648
2632
16218
5589
7617
24208
25178
21640
21703
8544
7812
23936
8138
13280
7344
4408
3105
8599
24470
14244
4551
21286
31654
26750
10846
22838
1588
19931
22900
25519
32728
29953
2566
14634
15893
8572
25922
17066
6200
22127
1681
32646
23427
2601
12501
30122
19083
14328
26863
29184
11231
17474
6533
11560
11242
26321
9218
10351
5659
3951
734
22271
10563
30899
24863
26451
2878
23834
19232
16622
8149
601
23697
2637
18147
3826
4031
19226
17847
24070
4629
32418
24506
17770
16867
10889
25169
509
14687
19900
10245
15928
2794
15272
22242
26374
4756
14250
24092
17110
225
25798
30457
32495
718
23963
11498
9988
11023
2198
12539
15113
155
31847
31854
22341
22122
2225
1699
8871
20605
14086
4668
30557
14880
22546
21886
31139
4460
28950
505
4313
27663
7577
28523
30425
6480
14682
28130
20871
9549
26248
801
2730
8583
17461
5957
23034
22177
26889
21672
13689
17253
30259
16134
7175
3336
22181
17886
28209
17583
32385
22043
18763
9777
16078
12020
6334
13343
368
32273
20898
21762
343
1775
3216
21987
21238
22917
29105
30225
20727
23592
11035
24606
16685
11436
20830
13355
17866
7372
1625
1893
28370
19915
12883
31952
32719
12124
5959
23364
15815
26048
11902
17589
22891
23342
1123
29367
18833
119
1684
7232
10724
234
30773
26800
29146
28021
137
5136
6119
8974
1987
10391
29937
28753
22041
29043
31747
15979
10523
2758
6725
16694
13123
13038
21292
29349
14797
16649
27886
23907
17608
25784
16697
31415
5486
4900
1572
10155
22193
17727
9062
30061
15382
27469
26565
22773
710
14754
13010
32232
2275
12973
26324
16573
28440
4661
14082
5150
30836
32227
9717
21905
7288
7937
18524
21847
32622
2433
8178
5524
17661
5185
8877
1201
28923
1677
16952
14079
19074
16102
1956
25501
30022
14081
5979
10395
13605
2323
12629
23135
4096
23116
398
25160
16842
20129
21687
28818
14046
27087
1323
1402
150
413
13350
5538
30745
9569
9009
19894
884
7877
16865
14672
12525
28619
17345
20761
7315
29199
21133
13362
21530
31565
12449
4306
11494
11042
24496
48
16486
17943
8121
22947
675
16859
23095
16647
10009
26320
19865
29796
18373
10953
3313
7370
639
10515
10224
9855
138
23474
3858
25693
7274
31212
2070
629
6645
8204
18097
3064
9389
9312
32131
2136
2125
15748
31562
29610
22434
24034
10326
5711
30108
26746
30781
32723
13477
8927
9167
10517
49
2178
16204
424
17559
25395
213
27770
2335
19685
19233
28595
28764
32434
20593
7136
4796
4383
25030
28241
26461
4512
15953
12991
12066
4447
30507
10291
5639
4409
15174
27938
32433
28425
8100
30429
11338
14378
14278
6185
16011
1335
4712
23337
13338
17173
28267
12933
26391
3380
15379
17861
14321
32017
15986
23806
23167
4864
24868
12209
31052
7208
5693
6896
9010
14799
20608
706
14122
28120
28114
25289
16994
20617
9710
21026
1168
21394
20825
32397
3719
13899
7321
25294
12039
3902
31650
15443
8666
3813
29073
1046
13596
24501
156
28357
22747
18267
22089
14369
19680
27973
2015
15780
24779
27236
29466
11366
31334
1584
5923
17985
22067
17645
31167
563
13895
11053
27847
3077
29531
23191
18392
26410
9249
27622
27211
14570
20180
10805
6504
32192
22803
4985
3798
11776
10735
16975
19286
5564
12867
9464
434
25577
20292
9633
11759
13502
15192
10216
11466
7005
300
32669
26467
28341
9472
17605
26419
23975
30790
10469
26179
3687
19308
12669
12192
19750
29174